Sample description: b'Au'
Sample: b'Au'  c= 0 mg/ml  Code: 
Parent(s): /mxn/home/cosaxs-user/data-visitors/20240016/2025012112/process/scan-86116_eiger.dat /mxn/home/cosaxs-user/data-visitors/20240016/2025012112/process/scan-86118_eiger.dat
  5.396723e-05   0.000000e+00   0.000000e+00
  1.250298e-04   0.000000e+00   0.000000e+00
  1.960925e-04   0.000000e+00   0.000000e+00
  2.671551e-04   0.000000e+00   0.000000e+00
  3.382177e-04   0.000000e+00   0.000000e+00
  4.092803e-04   0.000000e+00   0.000000e+00
  4.803429e-04   0.000000e+00   0.000000e+00
  5.514055e-04   0.000000e+00   0.000000e+00
  6.224682e-04   0.000000e+00   0.000000e+00
  6.935308e-04   0.000000e+00   0.000000e+00
  7.645934e-04   0.000000e+00   0.000000e+00
  8.356560e-04   0.000000e+00   0.000000e+00
  9.067186e-04   1.493214e+02   1.269660e+00
  9.777812e-04   1.480622e+02   6.857741e-01
  1.048844e-03   1.460704e+02   5.482777e-01
  1.119906e-03   1.461189e+02   4.838301e-01
  1.190969e-03   1.454012e+02   4.404780e-01
  1.262032e-03   1.456454e+02   4.125061e-01
  1.333094e-03   1.448733e+02   3.866037e-01
  1.404157e-03   1.449887e+02   3.666136e-01
  1.475220e-03   1.434471e+02   3.474918e-01
  1.546282e-03   1.427141e+02   3.343546e-01
  1.617345e-03   1.422574e+02   3.220757e-01
  1.688407e-03   1.414646e+02   3.089994e-01
  1.759470e-03   1.412712e+02   2.993419e-01
  1.830533e-03   1.411652e+02   2.914904e-01
  1.901595e-03   1.403750e+02   2.831651e-01
  1.972658e-03   1.396124e+02   2.733560e-01
  2.043720e-03   1.390297e+02   2.662204e-01
  2.114783e-03   1.388738e+02   2.614739e-01
  2.185846e-03   1.382751e+02   2.555129e-01
  2.256908e-03   1.380981e+02   2.488868e-01
  2.327971e-03   1.375412e+02   2.436162e-01
  2.399034e-03   1.370500e+02   2.394922e-01
  2.470096e-03   1.365625e+02   2.348548e-01
  2.541159e-03   1.357765e+02   2.289640e-01
  2.612221e-03   1.358487e+02   2.254026e-01
  2.683284e-03   1.350245e+02   2.218441e-01
  2.754347e-03   1.344864e+02   2.181218e-01
  2.825409e-03   1.340235e+02   2.138426e-01
  2.896472e-03   1.333850e+02   2.102447e-01
  2.967534e-03   1.332726e+02   2.079545e-01
  3.038597e-03   1.327938e+02   2.044050e-01
  3.109660e-03   1.326740e+02   2.010526e-01
  3.180722e-03   1.316843e+02   1.978408e-01
  3.251785e-03   1.312405e+02   1.958864e-01
  3.322848e-03   1.308255e+02   1.929167e-01
  3.393910e-03   1.302191e+02   1.895979e-01
  3.464973e-03   1.298366e+02   1.871709e-01
  3.536035e-03   1.294760e+02   1.854758e-01
  3.607098e-03   1.285606e+02   1.824856e-01
  3.678161e-03   1.283688e+02   1.800324e-01
  3.749223e-03   1.277622e+02   1.777871e-01
  3.820286e-03   1.273716e+02   1.774355e-01
  3.891348e-03   1.263775e+02   1.790305e-01
  3.962411e-03   1.262179e+02   1.795684e-01
  4.033474e-03   1.253071e+02   1.796557e-01
  4.104536e-03   1.245532e+02   1.793970e-01
  4.175599e-03   1.242271e+02   1.788693e-01
  4.246662e-03   1.235268e+02   1.774454e-01
  4.317724e-03   1.229218e+02   1.770289e-01
  4.388787e-03   1.225535e+02   1.764080e-01
  4.459849e-03   1.219594e+02   1.753151e-01
  4.530912e-03   1.211544e+02   1.737483e-01
  4.601975e-03   1.204990e+02   1.731224e-01
  4.673037e-03   1.201387e+02   1.724741e-01
  4.744100e-03   1.197177e+02   1.711967e-01
  4.815162e-03   1.191353e+02   1.696907e-01
  4.886225e-03   1.185861e+02   1.691722e-01
  4.957288e-03   1.179971e+02   1.683511e-01
  5.028350e-03   1.173229e+02   1.650815e-01
  5.099413e-03   1.165715e+02   1.593286e-01
  5.170476e-03   1.162081e+02   1.561680e-01
  5.241538e-03   1.155119e+02   1.536332e-01
  5.312601e-03   1.151614e+02   1.510910e-01
  5.383663e-03   1.145113e+02   1.484917e-01
  5.454726e-03   1.136849e+02   1.462464e-01
  5.525789e-03   1.132380e+02   1.458651e-01
  5.596851e-03   1.126278e+02   1.470918e-01
  5.667914e-03   1.123476e+02   1.472960e-01
  5.738976e-03   1.112423e+02   1.465599e-01
  5.810039e-03   1.102311e+02   1.459190e-01
  5.881102e-03   1.104030e+02   1.456479e-01
  5.952164e-03   1.091639e+02   1.443020e-01
  6.023227e-03   1.087825e+02   1.436838e-01
  6.094290e-03   1.083001e+02   1.431776e-01
  6.165352e-03   1.077744e+02   1.418763e-01
  6.236415e-03   1.070603e+02   1.404380e-01
  6.307477e-03   1.061977e+02   1.389971e-01
  6.378540e-03   1.058368e+02   1.383169e-01
  6.449603e-03   1.052539e+02   1.370745e-01
  6.520665e-03   1.044662e+02   1.355823e-01
  6.591728e-03   1.036699e+02   1.343781e-01
  6.662790e-03   1.034192e+02   1.336700e-01
  6.733853e-03   1.027375e+02   1.323975e-01
  6.804916e-03   1.018091e+02   1.308896e-01
  6.875978e-03   1.011058e+02   1.299094e-01
  6.947041e-03   1.009417e+02   1.292479e-01
  7.018104e-03   1.000277e+02   1.279635e-01
  7.089166e-03   9.933018e+01   1.266649e-01
  7.160229e-03   9.886707e+01   1.258920e-01
  7.231291e-03   9.803679e+01   1.249328e-01
  7.302354e-03   9.756586e+01   1.241195e-01
  7.373417e-03   9.659812e+01   1.228116e-01
  7.444479e-03   9.614559e+01   1.221655e-01
  7.515542e-03   9.541437e+01   1.212747e-01
  7.586604e-03   9.470766e+01   1.203066e-01
  7.657667e-03   9.428225e+01   1.193971e-01
  7.728730e-03   9.383304e+01   1.186890e-01
  7.799792e-03   9.298919e+01   1.179434e-01
  7.870855e-03   9.210596e+01   1.169547e-01
  7.941918e-03   9.170279e+01   1.162769e-01
  8.012980e-03   9.094327e+01   1.155587e-01
  8.084043e-03   9.030243e+01   1.149524e-01
  8.155105e-03   8.995363e+01   1.142962e-01
  8.226168e-03   8.920307e+01   1.134284e-01
  8.297231e-03   8.838718e+01   1.126317e-01
  8.368293e-03   8.772858e+01   1.120584e-01
  8.439356e-03   8.734365e+01   1.113960e-01
  8.510418e-03   8.649634e+01   1.105076e-01
  8.581481e-03   8.579336e+01   1.097868e-01
  8.652544e-03   8.516149e+01   1.091669e-01
  8.723606e-03   8.482972e+01   1.085823e-01
  8.794669e-03   8.380853e+01   1.074816e-01
  8.865732e-03   8.353982e+01   1.071421e-01
  8.936794e-03   8.289641e+01   1.065205e-01
  9.007857e-03   8.217423e+01   1.056978e-01
  9.078919e-03   8.135578e+01   1.047604e-01
  9.149982e-03   8.080750e+01   1.042072e-01
  9.221045e-03   8.030490e+01   1.036803e-01
  9.292107e-03   7.939705e+01   1.027533e-01
  9.363170e-03   7.899392e+01   1.021420e-01
  9.434232e-03   7.844830e+01   1.016470e-01
  9.505295e-03   7.763758e+01   1.008939e-01
  9.576358e-03   7.697636e+01   1.001282e-01
  9.647420e-03   7.639634e+01   9.938600e-02
  9.718483e-03   7.585715e+01   9.887967e-02
  9.789546e-03   7.494782e+01   9.809992e-02
  9.860608e-03   7.445563e+01   9.746953e-02
  9.931671e-03   7.392741e+01   9.676822e-02
  1.000273e-02   7.322860e+01   9.613332e-02
  1.007380e-02   7.259454e+01   9.556401e-02
  1.014486e-02   7.197492e+01   9.481222e-02
  1.021592e-02   7.123988e+01   9.405673e-02
  1.028698e-02   7.091373e+01   9.367115e-02
  1.035805e-02   7.012740e+01   9.303736e-02
  1.042911e-02   6.959384e+01   9.233152e-02
  1.050017e-02   6.900049e+01   9.162031e-02
  1.057123e-02   6.838140e+01   9.104967e-02
  1.064230e-02   6.779493e+01   9.050404e-02
  1.071336e-02   6.728866e+01   8.987342e-02
  1.078442e-02   6.659575e+01   8.910348e-02
  1.085548e-02   6.602011e+01   8.858560e-02
  1.092655e-02   6.539317e+01   8.800534e-02
  1.099761e-02   6.482115e+01   8.735175e-02
  1.106867e-02   6.421867e+01   8.664852e-02
  1.113974e-02   6.376996e+01   8.627799e-02
  1.121080e-02   6.303223e+01   8.556543e-02
  1.128186e-02   6.252009e+01   8.500349e-02
  1.135292e-02   6.178136e+01   8.418102e-02
  1.142399e-02   6.119278e+01   8.367883e-02
  1.149505e-02   6.072805e+01   8.319665e-02
  1.156611e-02   6.009068e+01   8.253411e-02
  1.163717e-02   5.958000e+01   8.193282e-02
  1.170824e-02   5.899693e+01   8.142376e-02
  1.177930e-02   5.853113e+01   8.093010e-02
  1.185036e-02   5.789323e+01   8.027263e-02
  1.192142e-02   5.725057e+01   7.955716e-02
  1.199249e-02   5.676401e+01   7.912123e-02
  1.206355e-02   5.624497e+01   7.858602e-02
  1.213461e-02   5.567248e+01   7.798728e-02
  1.220567e-02   5.505778e+01   7.728320e-02
  1.227674e-02   5.445929e+01   7.679808e-02
  1.234780e-02   5.389653e+01   7.707504e-02
  1.241886e-02   5.354772e+01   7.811004e-02
  1.248992e-02   5.291877e+01   7.829198e-02
  1.256099e-02   5.233186e+01   7.841742e-02
  1.263205e-02   5.189288e+01   7.866487e-02
  1.270311e-02   5.137050e+01   7.859185e-02
  1.277418e-02   5.062815e+01   7.823458e-02
  1.284524e-02   5.027513e+01   7.829291e-02
  1.291630e-02   4.963606e+01   7.819660e-02
  1.298736e-02   4.932037e+01   7.809513e-02
  1.305843e-02   4.870709e+01   7.776386e-02
  1.312949e-02   4.815815e+01   7.758299e-02
  1.320055e-02   4.760739e+01   7.747424e-02
  1.327161e-02   4.713482e+01   7.715197e-02
  1.334268e-02   4.651889e+01   7.674239e-02
  1.341374e-02   4.619520e+01   7.668738e-02
  1.348480e-02   4.569851e+01   7.652556e-02
  1.355586e-02   4.507698e+01   7.481197e-02
  1.362693e-02   4.465753e+01   7.281485e-02
  1.369799e-02   4.428037e+01   7.171004e-02
  1.376905e-02   4.373222e+01   7.057791e-02
  1.384011e-02   4.319255e+01   6.947883e-02
  1.391118e-02   4.269280e+01   6.853303e-02
  1.398224e-02   4.229420e+01   6.786663e-02
  1.405330e-02   4.172422e+01   6.695107e-02
  1.412437e-02   4.136817e+01   6.622317e-02
  1.419543e-02   4.079707e+01   6.533099e-02
  1.426649e-02   4.030549e+01   6.469746e-02
  1.433755e-02   3.978201e+01   6.392904e-02
  1.440862e-02   3.930654e+01   6.315917e-02
  1.447968e-02   3.900429e+01   6.260928e-02
  1.455074e-02   3.838282e+01   6.192223e-02
  1.462180e-02   3.791500e+01   6.129782e-02
  1.469287e-02   3.751029e+01   6.071257e-02
  1.476393e-02   3.717121e+01   6.027148e-02
  1.483499e-02   3.664553e+01   5.979068e-02
  1.490605e-02   3.621468e+01   5.929686e-02
  1.497712e-02   3.579094e+01   5.873495e-02
  1.504818e-02   3.532886e+01   5.821294e-02
  1.511924e-02   3.494805e+01   5.782983e-02
  1.519030e-02   3.451585e+01   5.735300e-02
  1.526137e-02   3.407987e+01   5.677004e-02
  1.533243e-02   3.356719e+01   5.623126e-02
  1.540349e-02   3.318699e+01   5.586964e-02
  1.547455e-02   3.279932e+01   5.543826e-02
  1.554562e-02   3.243979e+01   5.489242e-02
  1.561668e-02   3.215265e+01   5.458536e-02
  1.568774e-02   3.166948e+01   5.411445e-02
  1.575881e-02   3.136079e+01   5.373656e-02
  1.582987e-02   3.085029e+01   5.311597e-02
  1.590093e-02   3.042119e+01   5.266207e-02
  1.597199e-02   3.019269e+01   5.241324e-02
  1.604306e-02   2.968829e+01   5.182979e-02
  1.611412e-02   2.946238e+01   5.147495e-02
  1.618518e-02   2.908084e+01   5.106015e-02
  1.625624e-02   2.861295e+01   5.060386e-02
  1.632731e-02   2.833589e+01   5.024502e-02
  1.639837e-02   2.793728e+01   4.972837e-02
  1.646943e-02   2.756381e+01   4.932110e-02
  1.654049e-02   2.716017e+01   4.890845e-02
  1.661156e-02   2.677492e+01   4.844909e-02
  1.668262e-02   2.639261e+01   4.794916e-02
  1.675368e-02   2.608775e+01   4.760383e-02
  1.682474e-02   2.571035e+01   4.722668e-02
  1.689581e-02   2.531693e+01   4.675159e-02
  1.696687e-02   2.502488e+01   4.636377e-02
  1.703793e-02   2.467248e+01   4.594899e-02
  1.710899e-02   2.432895e+01   4.560566e-02
  1.718006e-02   2.400021e+01   4.519146e-02
  1.725112e-02   2.369648e+01   4.478445e-02
  1.732218e-02   2.340431e+01   4.443392e-02
  1.739325e-02   2.311191e+01   4.412482e-02
  1.746431e-02   2.281765e+01   4.375282e-02
  1.753537e-02   2.244885e+01   4.322869e-02
  1.760643e-02   2.213410e+01   4.288646e-02
  1.767750e-02   2.186329e+01   4.260242e-02
  1.774856e-02   2.155204e+01   4.219711e-02
  1.781962e-02   2.127817e+01   4.180181e-02
  1.789068e-02   2.097644e+01   4.148401e-02
  1.796175e-02   2.069205e+01   4.115434e-02
  1.803281e-02   2.030522e+01   4.065349e-02
  1.810387e-02   2.004299e+01   4.029547e-02
  1.817493e-02   1.977254e+01   3.998206e-02
  1.824600e-02   1.952418e+01   3.969654e-02
  1.831706e-02   1.926107e+01   3.935258e-02
  1.838812e-02   1.894369e+01   3.892697e-02
  1.845918e-02   1.866044e+01   3.857518e-02
  1.853025e-02   1.833217e+01   3.820787e-02
  1.860131e-02   1.810939e+01   3.788663e-02
  1.867237e-02   1.783653e+01   3.750100e-02
  1.874344e-02   1.751219e+01   3.710379e-02
  1.881450e-02   1.730295e+01   3.687822e-02
  1.888556e-02   1.710510e+01   3.660074e-02
  1.895662e-02   1.677085e+01   3.612134e-02
  1.902769e-02   1.653454e+01   3.582246e-02
  1.909875e-02   1.634045e+01   3.560109e-02
  1.916981e-02   1.609518e+01   3.525044e-02
  1.924087e-02   1.581460e+01   3.484644e-02
  1.931194e-02   1.568254e+01   3.468126e-02
  1.938300e-02   1.537731e+01   3.431746e-02
  1.945406e-02   1.520738e+01   3.403866e-02
  1.952512e-02   1.495523e+01   3.366097e-02
  1.959619e-02   1.471137e+01   3.336515e-02
  1.966725e-02   1.452749e+01   3.313676e-02
  1.973831e-02   1.432198e+01   3.283387e-02
  1.980937e-02   1.399138e+01   3.233867e-02
  1.988044e-02   1.382077e+01   3.212898e-02
  1.995150e-02   1.357190e+01   3.180924e-02
  2.002256e-02   1.338554e+01   3.155614e-02
  2.009362e-02   1.316625e+01   3.121323e-02
  2.016469e-02   1.296804e+01   3.095223e-02
  2.023575e-02   1.282254e+01   3.075031e-02
  2.030681e-02   1.254261e+01   3.033636e-02
  2.037788e-02   1.242618e+01   3.012825e-02
  2.044894e-02   1.221364e+01   2.985820e-02
  2.052000e-02   1.199125e+01   2.956461e-02
  2.059106e-02   1.173249e+01   2.916471e-02
  2.066213e-02   1.156589e+01   2.889844e-02
  2.073319e-02   1.143675e+01   2.871513e-02
  2.080425e-02   1.121897e+01   2.840268e-02
  2.087531e-02   1.108018e+01   2.817007e-02
  2.094638e-02   1.084346e+01   2.780364e-02
  2.101744e-02   1.070229e+01   2.760180e-02
  2.108850e-02   1.056310e+01   2.739725e-02
  2.115956e-02   1.037704e+01   2.713788e-02
  2.123063e-02   1.020636e+01   2.732567e-02
  2.130169e-02   1.005337e+01   2.742923e-02
  2.137275e-02   9.856194e+00   2.734384e-02
  2.144381e-02   9.691198e+00   2.724540e-02
  2.151488e-02   9.555472e+00   2.721251e-02
  2.158594e-02   9.388501e+00   2.710167e-02
  2.165700e-02   9.239036e+00   2.697727e-02
  2.172806e-02   9.080573e+00   2.681237e-02
  2.179913e-02   8.942772e+00   2.669865e-02
  2.187019e-02   8.786573e+00   2.655387e-02
  2.194125e-02   8.612583e+00   2.632212e-02
  2.201232e-02   8.442697e+00   2.605900e-02
  2.208338e-02   8.285409e+00   2.581695e-02
  2.215444e-02   8.205662e+00   2.574158e-02
  2.222550e-02   8.024332e+00   2.543490e-02
  2.229657e-02   7.956374e+00   2.533368e-02
  2.236763e-02   7.761990e+00   2.490797e-02
  2.243869e-02   7.671133e+00   2.433893e-02
  2.250975e-02   7.555276e+00   2.388169e-02
  2.258082e-02   7.410029e+00   2.341128e-02
  2.265188e-02   7.352617e+00   2.314229e-02
  2.272294e-02   7.179936e+00   2.276148e-02
  2.279400e-02   7.051341e+00   2.245059e-02
  2.286507e-02   6.924279e+00   2.211936e-02
  2.293613e-02   6.823410e+00   2.184877e-02
  2.300719e-02   6.689364e+00   2.154726e-02
  2.307825e-02   6.559560e+00   2.126632e-02
  2.314932e-02   6.436223e+00   2.101155e-02
  2.322038e-02   6.345389e+00   2.081390e-02
  2.329144e-02   6.192161e+00   2.054458e-02
  2.336251e-02   6.090309e+00   2.034416e-02
  2.343357e-02   5.994524e+00   2.013112e-02
  2.350463e-02   5.943217e+00   2.001196e-02
  2.357569e-02   5.798058e+00   1.973072e-02
  2.364676e-02   5.692087e+00   1.952760e-02
  2.371782e-02   5.591724e+00   1.932278e-02
  2.378888e-02   5.476961e+00   1.908279e-02
  2.385994e-02   5.382561e+00   1.889079e-02
  2.393101e-02   5.303713e+00   1.872511e-02
  2.400207e-02   5.218425e+00   1.855048e-02
  2.407313e-02   5.103247e+00   1.829907e-02
  2.414419e-02   5.053726e+00   1.820602e-02
  2.421526e-02   4.958362e+00   1.800963e-02
  2.428632e-02   4.830833e+00   1.772551e-02
  2.435738e-02   4.778627e+00   1.761175e-02
  2.442844e-02   4.672532e+00   1.738941e-02
  2.449951e-02   4.605413e+00   1.724542e-02
  2.457057e-02   4.515706e+00   1.703835e-02
  2.464163e-02   4.448836e+00   1.688795e-02
  2.471269e-02   4.349383e+00   1.668765e-02
  2.478376e-02   4.294963e+00   1.657971e-02
  2.485482e-02   4.204267e+00   1.636345e-02
  2.492588e-02   4.117600e+00   1.615600e-02
  2.499695e-02   4.077370e+00   1.606638e-02
  2.506801e-02   3.982043e+00   1.586923e-02
  2.513907e-02   3.925443e+00   1.572716e-02
  2.521013e-02   3.831495e+00   1.550233e-02
  2.528120e-02   3.774574e+00   1.538297e-02
  2.535226e-02   3.694786e+00   1.521021e-02
  2.542332e-02   3.652358e+00   1.510262e-02
  2.549438e-02   3.573074e+00   1.489687e-02
  2.556545e-02   3.521311e+00   1.479242e-02
  2.563651e-02   3.446241e+00   1.461121e-02
  2.570757e-02   3.387676e+00   1.445832e-02
  2.577863e-02   3.336165e+00   1.432464e-02
  2.584970e-02   3.265840e+00   1.416480e-02
  2.592076e-02   3.214997e+00   1.405610e-02
  2.599182e-02   3.155022e+00   1.387627e-02
  2.606288e-02   3.091930e+00   1.372824e-02
  2.613395e-02   3.053599e+00   1.365868e-02
  2.620501e-02   3.003030e+00   1.352911e-02
  2.627607e-02   2.946723e+00   1.338318e-02
  2.634713e-02   2.901814e+00   1.324249e-02
  2.641820e-02   2.841041e+00   1.310397e-02
  2.648926e-02   2.778783e+00   1.294494e-02
  2.656032e-02   2.721757e+00   1.278637e-02
  2.663139e-02   2.685657e+00   1.266114e-02
  2.670245e-02   2.657332e+00   1.260696e-02
  2.677351e-02   2.603518e+00   1.246096e-02
  2.684457e-02   2.545843e+00   1.228375e-02
  2.691564e-02   2.504318e+00   1.223127e-02
  2.698670e-02   2.485512e+00   1.239332e-02
  2.705776e-02   2.419011e+00   1.232341e-02
  2.712882e-02   2.381540e+00   1.230931e-02
  2.719989e-02   2.341959e+00   1.225778e-02
  2.727095e-02   2.299243e+00   1.217194e-02
  2.734201e-02   2.273066e+00   1.195459e-02
  2.741307e-02   2.217546e+00   1.164795e-02
  2.748414e-02   2.208698e+00   1.159449e-02
  2.755520e-02   2.166249e+00   1.143317e-02
  2.762626e-02   2.121687e+00   1.130216e-02
  2.769732e-02   2.077179e+00   1.118290e-02
  2.776839e-02   2.055200e+00   1.113238e-02
  2.783945e-02   2.002989e+00   1.097058e-02
  2.791051e-02   1.949148e+00   1.079802e-02
  2.798158e-02   1.932275e+00   1.073815e-02
  2.805264e-02   1.908427e+00   1.062766e-02
  2.812370e-02   1.868791e+00   1.054640e-02
  2.819476e-02   1.864425e+00   1.049459e-02
  2.826583e-02   1.833615e+00   1.037597e-02
  2.833689e-02   1.779001e+00   1.022345e-02
  2.840795e-02   1.760682e+00   1.016453e-02
  2.847901e-02   1.715278e+00   1.002758e-02
  2.855008e-02   1.702940e+00   9.970632e-03
  2.862114e-02   1.694356e+00   9.924172e-03
  2.869220e-02   1.662133e+00   9.816328e-03
  2.876326e-02   1.635232e+00   9.730205e-03
  2.883433e-02   1.603814e+00   9.616980e-03
  2.890539e-02   1.581298e+00   9.535245e-03
  2.897645e-02   1.537857e+00   9.421531e-03
  2.904751e-02   1.517716e+00   9.351596e-03
  2.911858e-02   1.497075e+00   9.255730e-03
  2.918964e-02   1.491346e+00   9.225792e-03
  2.926070e-02   1.452450e+00   9.088904e-03
  2.933176e-02   1.442913e+00   9.058384e-03
  2.940283e-02   1.417164e+00   8.986193e-03
  2.947389e-02   1.398316e+00   8.893757e-03
  2.954495e-02   1.381898e+00   8.851714e-03
  2.961602e-02   1.386006e+00   8.853085e-03
  2.968708e-02   1.345022e+00   8.713441e-03
  2.975814e-02   1.324523e+00   8.776793e-03
  2.982920e-02   1.316221e+00   8.824777e-03
  2.990027e-02   1.298981e+00   8.829944e-03
  2.997133e-02   1.274790e+00   8.761395e-03
  3.004239e-02   1.257804e+00   8.734830e-03
  3.011345e-02   1.239938e+00   8.710286e-03
  3.018452e-02   1.217880e+00   8.677416e-03
  3.025558e-02   1.205617e+00   8.648677e-03
  3.032664e-02   1.210963e+00   8.691513e-03
  3.039770e-02   1.171146e+00   8.567313e-03
  3.046877e-02   1.165361e+00   8.548322e-03
  3.053983e-02   1.158491e+00   8.516411e-03
  3.061089e-02   1.119870e+00   8.409747e-03
  3.068195e-02   1.107635e+00   8.372573e-03
  3.075302e-02   1.105428e+00   8.387458e-03
  3.082408e-02   1.091878e+00   8.315421e-03
  3.089514e-02   1.081290e+00   8.289821e-03
  3.096620e-02   1.065047e+00   8.235555e-03
  3.103727e-02   1.062096e+00   8.231971e-03
  3.110833e-02   1.043364e+00   8.139855e-03
  3.117939e-02   1.012182e+00   8.013903e-03
  3.125046e-02   1.019057e+00   8.056933e-03
  3.132152e-02   1.007169e+00   8.023865e-03
  3.139258e-02   9.860210e-01   7.914772e-03
  3.146364e-02   9.872380e-01   7.940708e-03
  3.153471e-02   9.821560e-01   7.910695e-03
  3.160577e-02   9.733591e-01   7.864586e-03
  3.167683e-02   9.665419e-01   7.853441e-03
  3.174789e-02   9.407391e-01   7.752254e-03
  3.181896e-02   9.519747e-01   7.812458e-03
  3.189002e-02   9.319290e-01   7.728075e-03
  3.196108e-02   9.259891e-01   7.678651e-03
  3.203214e-02   9.150701e-01   7.648414e-03
  3.210321e-02   8.973876e-01   7.601697e-03
  3.217427e-02   8.929430e-01   7.590333e-03
  3.224533e-02   8.857571e-01   7.538187e-03
  3.231639e-02   8.781019e-01   7.494801e-03
  3.238746e-02   8.629361e-01   7.433632e-03
  3.245852e-02   8.707182e-01   7.480128e-03
  3.252958e-02   8.541969e-01   7.394568e-03
  3.260065e-02   8.435129e-01   7.355049e-03
  3.267171e-02   8.303071e-01   7.316319e-03
  3.274277e-02   8.413506e-01   7.345902e-03
  3.281383e-02   8.172892e-01   7.242488e-03
  3.288490e-02   8.246841e-01   7.253066e-03
  3.295596e-02   8.034040e-01   7.171300e-03
  3.302702e-02   8.092100e-01   7.241589e-03
  3.309808e-02   8.134279e-01   7.200524e-03
  3.316915e-02   8.010047e-01   7.168589e-03
  3.324021e-02   7.914964e-01   7.120956e-03
  3.331127e-02   7.921295e-01   7.111585e-03
  3.338233e-02   7.852704e-01   7.068473e-03
  3.345340e-02   7.669447e-01   7.010657e-03
  3.352446e-02   7.726531e-01   7.035153e-03
  3.359552e-02   7.636866e-01   7.009414e-03
  3.366658e-02   7.603045e-01   6.989473e-03
  3.373765e-02   7.611921e-01   6.989133e-03
  3.380871e-02   7.442873e-01   6.914255e-03
  3.387977e-02   7.597277e-01   6.967518e-03
  3.395083e-02   7.369825e-01   6.889972e-03
  3.402190e-02   7.268887e-01   6.835096e-03
  3.409296e-02   7.180439e-01   6.790135e-03
  3.416402e-02   7.330840e-01   6.853475e-03
  3.423509e-02   7.163977e-01   6.745297e-03
  3.430615e-02   7.142616e-01   6.732245e-03
  3.437721e-02   7.142499e-01   6.755824e-03
  3.444827e-02   7.193219e-01   6.775005e-03
  3.451934e-02   7.061212e-01   6.680478e-03
  3.459040e-02   7.145663e-01   6.738788e-03
  3.466146e-02   7.117158e-01   6.724454e-03
  3.473252e-02   6.972622e-01   6.654037e-03
  3.480359e-02   6.911403e-01   6.634494e-03
  3.487465e-02   6.959363e-01   6.613329e-03
  3.494571e-02   6.892541e-01   6.587495e-03
  3.501677e-02   6.816546e-01   6.554766e-03
  3.508784e-02   6.812315e-01   6.549494e-03
  3.515890e-02   6.692679e-01   6.503098e-03
  3.522996e-02   6.841097e-01   6.584283e-03
  3.530102e-02   6.813763e-01   6.579118e-03
  3.537209e-02   6.837284e-01   6.569727e-03
  3.544315e-02   6.616559e-01   6.477350e-03
  3.551421e-02   6.620180e-01   6.505936e-03
  3.558527e-02   6.623575e-01   6.484899e-03
  3.565634e-02   6.546268e-01   6.429181e-03
  3.572740e-02   6.514362e-01   6.439712e-03
  3.579846e-02   6.475821e-01   6.420543e-03
  3.586953e-02   6.527816e-01   6.436975e-03
  3.594059e-02   6.463574e-01   6.400711e-03
  3.601165e-02   6.307703e-01   6.337715e-03
  3.608271e-02   6.453570e-01   6.391430e-03
  3.615378e-02   6.309448e-01   6.314354e-03
  3.622484e-02   6.233473e-01   6.281304e-03
  3.629590e-02   6.387658e-01   6.340190e-03
  3.636696e-02   6.239685e-01   6.275091e-03
  3.643803e-02   6.289719e-01   6.278417e-03
  3.650909e-02   6.293811e-01   6.283219e-03
  3.658015e-02   6.226368e-01   6.252955e-03
  3.665121e-02   6.137193e-01   6.232593e-03
  3.672228e-02   6.191463e-01   6.233784e-03
  3.679334e-02   6.096750e-01   6.192412e-03
  3.686440e-02   6.133530e-01   6.210655e-03
  3.693546e-02   6.018563e-01   6.168089e-03
  3.700653e-02   6.115403e-01   6.197881e-03
  3.707759e-02   6.071649e-01   6.158778e-03
  3.714865e-02   5.983065e-01   6.140670e-03
  3.721972e-02   5.955205e-01   6.111178e-03
  3.729078e-02   6.066434e-01   6.159612e-03
  3.736184e-02   5.896365e-01   6.093847e-03
  3.743290e-02   5.830236e-01   6.038569e-03
  3.750397e-02   5.978647e-01   6.107256e-03
  3.757503e-02   5.888498e-01   6.068543e-03
  3.764609e-02   5.833760e-01   6.036633e-03
  3.771715e-02   5.790017e-01   6.009308e-03
  3.778822e-02   5.730379e-01   5.978908e-03
  3.785928e-02   5.856389e-01   6.021739e-03
  3.793034e-02   5.791526e-01   6.015493e-03
  3.800140e-02   5.690704e-01   5.961067e-03
  3.807247e-02   5.689647e-01   5.982992e-03
  3.814353e-02   5.656640e-01   5.936095e-03
  3.821459e-02   5.621944e-01   5.911682e-03
  3.828565e-02   5.591284e-01   5.876952e-03
  3.835672e-02   5.675061e-01   5.950662e-03
  3.842778e-02   5.540586e-01   5.853274e-03
  3.849884e-02   5.648930e-01   5.908423e-03
  3.856990e-02   5.590869e-01   5.936424e-03
  3.864097e-02   5.629797e-01   6.054314e-03
  3.871203e-02   5.476979e-01   6.057748e-03
  3.878309e-02   5.546091e-01   6.141970e-03
  3.885416e-02   5.522510e-01   6.137386e-03
  3.892522e-02   5.348290e-01   6.138357e-03
  3.899628e-02   5.455055e-01   6.179754e-03
  3.906734e-02   5.404020e-01   6.175647e-03
  3.913841e-02   5.400754e-01   6.200389e-03
  3.920947e-02   5.349447e-01   6.181321e-03
  3.928053e-02   5.347939e-01   6.198057e-03
  3.935159e-02   5.268357e-01   6.168610e-03
  3.942266e-02   5.247195e-01   6.170605e-03
  3.949372e-02   5.225168e-01   6.163490e-03
  3.956478e-02   5.236450e-01   6.146916e-03
  3.963584e-02   5.272079e-01   6.183745e-03
  3.970691e-02   5.158397e-01   6.142885e-03
  3.977797e-02   5.171627e-01   6.158500e-03
  3.984903e-02   5.105367e-01   6.112872e-03
  3.992009e-02   5.039886e-01   6.107341e-03
  3.999116e-02   5.065167e-01   6.117291e-03
  4.006222e-02   4.895600e-01   6.045947e-03
  4.013328e-02   4.853685e-01   6.003896e-03
  4.020435e-02   5.036152e-01   6.115399e-03
  4.027541e-02   4.940408e-01   6.059018e-03
  4.034647e-02   5.077051e-01   6.172456e-03
  4.041753e-02   5.023810e-01   6.121456e-03
  4.048860e-02   4.854771e-01   6.028554e-03
  4.055966e-02   4.961365e-01   6.086063e-03
  4.063072e-02   4.860892e-01   6.058701e-03
  4.070178e-02   4.873966e-01   6.060019e-03
  4.077285e-02   4.883581e-01   6.067836e-03
  4.084391e-02   4.807637e-01   6.029208e-03
  4.091497e-02   4.823732e-01   6.053379e-03
  4.098603e-02   4.790740e-01   5.995724e-03
  4.105710e-02   4.682279e-01   6.003780e-03
  4.112816e-02   4.591901e-01   5.931460e-03
  4.119922e-02   4.630138e-01   5.981641e-03
  4.127028e-02   4.548387e-01   5.903935e-03
  4.134135e-02   4.677244e-01   5.972149e-03
  4.141241e-02   4.648455e-01   5.926736e-03
  4.148347e-02   4.614522e-01   5.971993e-03
  4.155453e-02   4.562828e-01   5.903087e-03
  4.162560e-02   4.502404e-01   5.899703e-03
  4.169666e-02   4.597786e-01   5.973123e-03
  4.176772e-02   4.489087e-01   5.935644e-03
  4.183879e-02   4.439652e-01   5.881732e-03
  4.190985e-02   4.440704e-01   5.875980e-03
  4.198091e-02   4.338722e-01   5.832249e-03
  4.205197e-02   4.341674e-01   5.825282e-03
  4.212304e-02   4.303805e-01   5.804633e-03
  4.219410e-02   4.287328e-01   5.813038e-03
  4.226516e-02   4.283283e-01   5.826238e-03
  4.233622e-02   4.291393e-01   5.826186e-03
  4.240729e-02   4.153203e-01   5.757454e-03
  4.247835e-02   4.224607e-01   5.782801e-03
  4.254941e-02   4.277238e-01   5.824806e-03
  4.262047e-02   4.227025e-01   5.797534e-03
  4.269154e-02   4.135718e-01   5.721271e-03
  4.276260e-02   4.166529e-01   5.758751e-03
  4.283366e-02   4.147964e-01   5.742046e-03
  4.290472e-02   4.097464e-01   5.750024e-03
  4.297579e-02   4.166697e-01   5.756845e-03
  4.304685e-02   3.944552e-01   5.652262e-03
  4.311791e-02   3.993678e-01   5.650139e-03
  4.318897e-02   3.930921e-01   5.649184e-03
  4.326004e-02   3.897774e-01   5.624799e-03
  4.333110e-02   3.933690e-01   5.651555e-03
  4.340216e-02   3.901358e-01   5.653532e-03
  4.347323e-02   3.925232e-01   5.601956e-03
  4.354429e-02   3.896313e-01   5.645386e-03
  4.361535e-02   3.847025e-01   5.624341e-03
  4.368641e-02   3.800768e-01   5.567318e-03
  4.375748e-02   3.755177e-01   5.566309e-03
  4.382854e-02   3.745265e-01   5.580123e-03
  4.389960e-02   3.748204e-01   5.532890e-03
  4.397066e-02   3.677760e-01   5.518992e-03
  4.404173e-02   3.668776e-01   5.522730e-03
  4.411279e-02   3.680114e-01   5.495208e-03
  4.418385e-02   3.648633e-01   5.492151e-03
  4.425491e-02   3.601764e-01   5.456944e-03
  4.432598e-02   3.724613e-01   5.536363e-03
  4.439704e-02   3.564339e-01   5.444107e-03
  4.446810e-02   3.621419e-01   5.467383e-03
  4.453916e-02   3.535492e-01   5.431551e-03
  4.461023e-02   3.537058e-01   5.437464e-03
  4.468129e-02   3.572110e-01   5.473184e-03
  4.475235e-02   3.487115e-01   5.389679e-03
  4.482342e-02   3.387279e-01   5.364242e-03
  4.489448e-02   3.448344e-01   5.375630e-03
  4.496554e-02   3.377023e-01   5.341956e-03
  4.503660e-02   3.268028e-01   5.276151e-03
  4.510767e-02   3.313286e-01   5.302228e-03
  4.517873e-02   3.313997e-01   5.297525e-03
  4.524979e-02   3.318248e-01   5.291640e-03
  4.532085e-02   3.301874e-01   5.313837e-03
  4.539192e-02   3.409358e-01   5.350225e-03
  4.546298e-02   3.166246e-01   5.228650e-03
  4.553404e-02   3.302930e-01   5.327156e-03
  4.560510e-02   3.229102e-01   5.260032e-03
  4.567617e-02   3.325712e-01   5.333473e-03
  4.574723e-02   3.232370e-01   5.223073e-03
  4.581829e-02   3.132001e-01   5.191006e-03
  4.588935e-02   3.072679e-01   5.184112e-03
  4.596042e-02   3.052800e-01   5.077219e-03
  4.603148e-02   2.951613e-01   5.109320e-03
  4.610254e-02   3.050419e-01   5.126030e-03
  4.617360e-02   3.060345e-01   5.129345e-03
  4.624467e-02   3.018457e-01   5.177327e-03
  4.631573e-02   2.983794e-01   5.102517e-03
  4.638679e-02   2.950792e-01   5.135440e-03
  4.645786e-02   2.921697e-01   5.017528e-03
  4.652892e-02   2.912655e-01   5.043953e-03
  4.659998e-02   2.950941e-01   5.089217e-03
  4.667104e-02   2.838667e-01   5.043175e-03
  4.674211e-02   2.979221e-01   5.071886e-03
  4.681317e-02   2.807980e-01   4.974323e-03
  4.688423e-02   2.798028e-01   4.965710e-03
  4.695529e-02   2.751870e-01   4.959883e-03
  4.702636e-02   2.714674e-01   4.928526e-03
  4.709742e-02   2.873747e-01   5.012816e-03
  4.716848e-02   2.674605e-01   4.901435e-03
  4.723954e-02   2.661666e-01   4.881280e-03
  4.731061e-02   2.692423e-01   4.913891e-03
  4.738167e-02   2.780858e-01   4.956934e-03
  4.745273e-02   2.621597e-01   4.834331e-03
  4.752379e-02   2.692077e-01   4.894030e-03
  4.759486e-02   2.641452e-01   4.856749e-03
  4.766592e-02   2.569607e-01   4.822069e-03
  4.773698e-02   2.543467e-01   4.827093e-03
  4.780804e-02   2.528690e-01   4.781258e-03
  4.787911e-02   2.434471e-01   4.690802e-03
  4.795017e-02   2.515223e-01   4.817882e-03
  4.802123e-02   2.474225e-01   4.724160e-03
  4.809230e-02   2.468877e-01   4.741251e-03
  4.816336e-02   2.418762e-01   4.707818e-03
  4.823442e-02   2.454329e-01   4.747144e-03
  4.830548e-02   2.401374e-01   4.682041e-03
  4.837655e-02   2.341320e-01   4.661237e-03
  4.844761e-02   2.371388e-01   4.698221e-03
  4.851867e-02   2.308572e-01   4.665305e-03
  4.858973e-02   2.380770e-01   4.685468e-03
  4.866080e-02   2.297209e-01   4.666749e-03
  4.873186e-02   2.388212e-01   4.666241e-03
  4.880292e-02   2.356777e-01   4.666533e-03
  4.887398e-02   2.264139e-01   4.596279e-03
  4.894505e-02   2.281013e-01   4.625812e-03
  4.901611e-02   2.213697e-01   4.553962e-03
  4.908717e-02   2.236130e-01   4.586834e-03
  4.915823e-02   2.255581e-01   4.595532e-03
  4.922930e-02   2.202962e-01   4.573936e-03
  4.930036e-02   2.155784e-01   4.528647e-03
  4.937142e-02   2.139910e-01   4.534741e-03
  4.944249e-02   2.050584e-01   4.464083e-03
  4.951355e-02   2.160448e-01   4.502020e-03
  4.958461e-02   2.180522e-01   4.509569e-03
  4.965567e-02   2.130175e-01   4.501128e-03
  4.972674e-02   2.160324e-01   4.501093e-03
  4.979780e-02   2.098781e-01   4.464696e-03
  4.986886e-02   2.025572e-01   4.400517e-03
  4.993992e-02   1.969813e-01   4.370274e-03
  5.001099e-02   1.997964e-01   4.441240e-03
  5.008205e-02   2.028345e-01   4.395582e-03
  5.015311e-02   2.037619e-01   4.385157e-03
  5.022417e-02   1.974738e-01   4.344877e-03
  5.029524e-02   1.943721e-01   4.355511e-03
  5.036630e-02   1.934158e-01   4.325736e-03
  5.043736e-02   1.939971e-01   4.352142e-03
  5.050842e-02   1.887105e-01   4.340852e-03
  5.057949e-02   1.875951e-01   4.362516e-03
  5.065055e-02   1.846909e-01   4.259415e-03
  5.072161e-02   1.938589e-01   4.360378e-03
  5.079267e-02   1.923519e-01   4.418027e-03
  5.086374e-02   1.804161e-01   4.293234e-03
  5.093480e-02   1.813296e-01   4.260120e-03
  5.100586e-02   1.766474e-01   4.260618e-03
  5.107693e-02   1.879391e-01   4.308377e-03
  5.114799e-02   1.803188e-01   4.241739e-03
  5.121905e-02   1.818734e-01   4.243572e-03
  5.129011e-02   1.765111e-01   4.267213e-03
  5.136118e-02   1.856284e-01   4.294344e-03
  5.143224e-02   1.719640e-01   4.158299e-03
  5.150330e-02   1.687637e-01   4.119987e-03
  5.157436e-02   1.739419e-01   4.209030e-03
  5.164543e-02   1.711242e-01   4.184047e-03
  5.171649e-02   1.705602e-01   4.164646e-03
  5.178755e-02   1.680390e-01   4.150273e-03
  5.185861e-02   1.769179e-01   4.202805e-03
  5.192968e-02   1.775076e-01   4.225860e-03
  5.200074e-02   1.652986e-01   4.127267e-03
  5.207180e-02   1.647566e-01   4.126721e-03
  5.214286e-02   1.640734e-01   4.149336e-03
  5.221393e-02   1.613417e-01   4.079298e-03
  5.228499e-02   1.651977e-01   4.115217e-03
  5.235605e-02   1.631335e-01   4.127516e-03
  5.242711e-02   1.674574e-01   4.152759e-03
  5.249818e-02   1.621398e-01   4.094191e-03
  5.256924e-02   1.625181e-01   4.118883e-03
  5.264030e-02   1.543829e-01   4.025424e-03
  5.271137e-02   1.596251e-01   4.099110e-03
  5.278243e-02   1.508859e-01   4.026509e-03
  5.285349e-02   1.513498e-01   3.980342e-03
  5.292455e-02   1.508853e-01   4.006946e-03
  5.299562e-02   1.507306e-01   4.000100e-03
  5.306668e-02   1.481350e-01   4.011716e-03
  5.313774e-02   1.522457e-01   4.061044e-03
  5.320880e-02   1.500396e-01   4.050153e-03
  5.327987e-02   1.450272e-01   3.970909e-03
  5.335093e-02   1.409503e-01   3.973294e-03
  5.342199e-02   1.447109e-01   3.987819e-03
  5.349305e-02   1.454661e-01   3.960203e-03
  5.356412e-02   1.467717e-01   3.947235e-03
  5.363518e-02   1.459365e-01   3.945922e-03
  5.370624e-02   1.477871e-01   3.993072e-03
  5.377730e-02   1.372807e-01   3.861482e-03
  5.384837e-02   1.459792e-01   3.976579e-03
  5.391943e-02   1.375423e-01   3.993418e-03
  5.399049e-02   1.404121e-01   3.934638e-03
  5.406156e-02   1.439440e-01   3.947096e-03
  5.413262e-02   1.390534e-01   3.909024e-03
  5.420368e-02   1.377855e-01   3.860661e-03
  5.427474e-02   1.397352e-01   3.889579e-03
  5.434581e-02   1.374634e-01   3.875512e-03
  5.441687e-02   1.270145e-01   3.837758e-03
  5.448793e-02   1.318313e-01   3.846349e-03
  5.455899e-02   1.361079e-01   3.844557e-03
  5.463006e-02   1.301575e-01   3.765507e-03
  5.470112e-02   1.279616e-01   3.836093e-03
  5.477218e-02   1.371834e-01   3.885534e-03
  5.484324e-02   1.354545e-01   3.892417e-03
  5.491431e-02   1.300133e-01   3.813455e-03
  5.498537e-02   1.325988e-01   3.774031e-03
  5.505643e-02   1.314737e-01   3.833603e-03
  5.512749e-02   1.278496e-01   3.811174e-03
  5.519856e-02   1.270354e-01   3.755433e-03
  5.526962e-02   1.243354e-01   3.774973e-03
  5.534068e-02   1.293732e-01   3.787207e-03
  5.541174e-02   1.310799e-01   3.852365e-03
  5.548281e-02   1.206589e-01   3.758316e-03
  5.555387e-02   1.258710e-01   3.789402e-03
  5.562493e-02   1.211163e-01   3.711592e-03
  5.569600e-02   1.277667e-01   3.854463e-03
  5.576706e-02   1.180649e-01   3.710233e-03
  5.583812e-02   1.201745e-01   3.707656e-03
  5.590918e-02   1.211536e-01   3.678716e-03
  5.598025e-02   1.163181e-01   3.696658e-03
  5.605131e-02   1.200977e-01   3.711335e-03
  5.612237e-02   1.171599e-01   3.748992e-03
  5.619343e-02   1.115807e-01   3.693326e-03
  5.626450e-02   1.211475e-01   3.733124e-03
  5.633556e-02   1.120895e-01   3.672492e-03
  5.640662e-02   1.088094e-01   3.604601e-03
  5.647768e-02   1.212499e-01   3.773370e-03
  5.654875e-02   1.184361e-01   3.642770e-03
  5.661981e-02   1.161423e-01   3.713659e-03
  5.669087e-02   1.180931e-01   3.711938e-03
  5.676193e-02   1.059052e-01   3.665598e-03
  5.683300e-02   1.114566e-01   3.636380e-03
  5.690406e-02   1.089285e-01   3.642634e-03
  5.697512e-02   1.124506e-01   3.629537e-03
  5.704618e-02   1.057710e-01   3.599762e-03
  5.711725e-02   1.034548e-01   3.591513e-03
  5.718831e-02   1.094619e-01   3.706308e-03
  5.725937e-02   1.068322e-01   3.686302e-03
  5.733044e-02   1.081770e-01   3.586240e-03
  5.740150e-02   1.117903e-01   3.609237e-03
  5.747256e-02   1.130804e-01   3.676596e-03
  5.754362e-02   1.071608e-01   3.584948e-03
  5.761469e-02   1.095786e-01   3.600576e-03
  5.768575e-02   1.113466e-01   3.664738e-03
  5.775681e-02   1.084102e-01   3.573743e-03
  5.782787e-02   1.042069e-01   3.561274e-03
  5.789894e-02   1.047214e-01   3.586400e-03
  5.797000e-02   1.044600e-01   3.516910e-03
  5.804106e-02   1.070252e-01   3.599160e-03
  5.811212e-02   1.021203e-01   3.543210e-03
  5.818319e-02   1.050456e-01   3.545200e-03
  5.825425e-02   1.038941e-01   3.549452e-03
  5.832531e-02   1.015407e-01   3.529297e-03
  5.839637e-02   9.865713e-02   3.565563e-03
  5.846744e-02   1.012691e-01   3.519231e-03
  5.853850e-02   1.010891e-01   3.577432e-03
  5.860956e-02   1.052525e-01   3.565143e-03
  5.868063e-02   1.018987e-01   3.533680e-03
  5.875169e-02   1.004556e-01   3.550042e-03
  5.882275e-02   9.150454e-02   3.439368e-03
  5.889381e-02   9.687783e-02   3.535229e-03
  5.896488e-02   9.762581e-02   3.527997e-03
  5.903594e-02   9.689580e-02   3.479466e-03
  5.910700e-02   9.512177e-02   3.520845e-03
  5.917806e-02   9.621186e-02   3.551133e-03
  5.924913e-02   9.149147e-02   3.424159e-03
  5.932019e-02   9.534305e-02   3.462499e-03
  5.939125e-02   9.951454e-02   3.547452e-03
  5.946231e-02   9.301390e-02   3.468910e-03
  5.953338e-02   9.739702e-02   3.436031e-03
  5.960444e-02   9.833011e-02   3.511955e-03
  5.967550e-02   9.769267e-02   3.541807e-03
  5.974656e-02   9.762689e-02   3.554364e-03
  5.981763e-02   9.633083e-02   3.571941e-03
  5.988869e-02   9.541838e-02   3.699739e-03
  5.995975e-02   9.968048e-02   3.706880e-03
  6.003081e-02   9.559292e-02   3.776092e-03
  6.010188e-02   1.023885e-01   3.838889e-03
  6.017294e-02   9.330644e-02   3.859495e-03
  6.024400e-02   9.623005e-02   3.869617e-03
  6.031507e-02   9.242128e-02   3.828060e-03
  6.038613e-02   8.794169e-02   3.857868e-03
  6.045719e-02   8.998834e-02   3.962400e-03
  6.052825e-02   8.622502e-02   3.931432e-03
  6.059932e-02   9.240653e-02   4.112323e-03
  6.067038e-02   1.006091e-01   4.226881e-03
  6.074144e-02   8.972460e-02   4.086119e-03
  6.081250e-02   8.614541e-02   4.143995e-03
  6.088357e-02   9.249513e-02   4.183991e-03
  6.095463e-02   8.897484e-02   4.180088e-03
  6.102569e-02   8.749844e-02   4.083233e-03
  6.109675e-02   9.138876e-02   4.253641e-03
  6.116782e-02   7.930745e-02   4.053822e-03
  6.123888e-02   8.715019e-02   4.246522e-03
  6.130994e-02   8.542323e-02   4.188508e-03
  6.138100e-02   8.088038e-02   4.273673e-03
  6.145207e-02   8.852607e-02   4.327528e-03
  6.152313e-02   8.156717e-02   4.401212e-03
  6.159419e-02   7.431202e-02   4.272894e-03
  6.166525e-02   8.396886e-02   4.477228e-03
  6.173632e-02   8.077436e-02   4.396427e-03
  6.180738e-02   8.155804e-02   4.494385e-03
  6.187844e-02   8.539790e-02   4.460076e-03
  6.194951e-02   8.679444e-02   4.495221e-03
  6.202057e-02   7.911647e-02   4.549826e-03
  6.209163e-02   7.579566e-02   4.456619e-03
  6.216269e-02   8.015044e-02   4.643773e-03
  6.223376e-02   7.841645e-02   4.574118e-03
  6.230482e-02   7.962450e-02   4.656042e-03
  6.237588e-02   7.749772e-02   4.524410e-03
  6.244694e-02   8.360058e-02   4.728708e-03
  6.251801e-02   8.076324e-02   4.714426e-03
  6.258907e-02   8.339168e-02   4.737755e-03
  6.266013e-02   7.141668e-02   4.722957e-03
  6.273119e-02   7.389444e-02   4.741069e-03
  6.280226e-02   7.193118e-02   4.769802e-03
  6.287332e-02   7.696004e-02   4.965379e-03
  6.294438e-02   6.942571e-02   4.918715e-03
  6.301544e-02   7.343098e-02   4.810740e-03
  6.308651e-02   7.438477e-02   4.953392e-03
  6.315757e-02   7.874858e-02   4.959221e-03
  6.322863e-02   7.499790e-02   4.970121e-03
  6.329970e-02   7.169416e-02   4.910655e-03
  6.337076e-02   7.427102e-02   5.066494e-03
  6.344182e-02   8.435580e-02   5.195659e-03
  6.351288e-02   7.064661e-02   5.154489e-03
  6.358395e-02   7.730527e-02   5.264732e-03
  6.365501e-02   8.039777e-02   5.202530e-03
  6.372607e-02   7.037099e-02   5.232993e-03
  6.379713e-02   8.031903e-02   5.364761e-03
  6.386820e-02   7.099301e-02   5.090652e-03
  6.393926e-02   7.523961e-02   5.329592e-03
  6.401032e-02   6.817427e-02   5.304782e-03
  6.408138e-02   7.719279e-02   5.252600e-03
  6.415245e-02   7.552183e-02   5.544484e-03
  6.422351e-02   6.517780e-02   5.292524e-03
  6.429457e-02   7.082064e-02   5.461485e-03
  6.436563e-02   6.567802e-02   5.436622e-03
  6.443670e-02   7.769944e-02   5.810510e-03
  6.450776e-02   7.400784e-02   5.587500e-03
  6.457882e-02   7.176461e-02   5.706740e-03
  6.464988e-02   7.821853e-02   5.913128e-03
  6.472095e-02   6.373563e-02   5.653710e-03
  6.479201e-02   6.475642e-02   5.615875e-03
  6.486307e-02   6.543859e-02   5.627999e-03
  6.493414e-02   7.555895e-02   5.914110e-03
  6.500520e-02   6.377782e-02   6.048781e-03
  6.507626e-02   5.511015e-02   5.596195e-03
  6.514732e-02   6.726870e-02   5.986831e-03
  6.521839e-02   7.548040e-02   6.150780e-03
  6.528945e-02   6.365301e-02   6.296827e-03
  6.536051e-02   6.616368e-02   6.448981e-03
  6.543157e-02   6.471636e-02   6.465460e-03
  6.550264e-02   7.336399e-02   6.772267e-03
  6.557370e-02   7.616398e-02   6.720990e-03
  6.564476e-02   8.449369e-02   6.882636e-03
  6.571582e-02   6.663730e-02   6.573310e-03
  6.578689e-02   6.812993e-02   6.857337e-03
  6.585795e-02   6.779685e-02   6.732069e-03
  6.592901e-02   6.193187e-02   6.725076e-03
  6.600007e-02   5.811758e-02   7.174124e-03
  6.607114e-02   6.566055e-02   7.122350e-03
  6.614220e-02   6.271587e-02   7.189070e-03
  6.621326e-02   6.248092e-02   7.059662e-03
  6.628432e-02   6.288321e-02   7.185525e-03
  6.635539e-02   6.281261e-02   7.455025e-03
  6.642645e-02   6.103604e-02   7.777590e-03
  6.649751e-02   6.314076e-02   7.929586e-03
  6.656858e-02   6.971206e-02   7.916863e-03
  6.663964e-02   5.979105e-02   7.955872e-03
  6.671070e-02   5.084432e-02   8.006184e-03
  6.678176e-02   5.416465e-02   7.447381e-03
  6.685283e-02   6.714413e-02   8.004552e-03
  6.692389e-02   8.030831e-02   8.120127e-03
  6.699495e-02   6.359237e-02   8.117222e-03
  6.706601e-02   6.430024e-02   8.564650e-03
  6.713708e-02   5.629302e-02   8.408114e-03
  6.720814e-02   5.518157e-02   8.163125e-03
  6.727920e-02   6.041665e-02   8.333041e-03
  6.735026e-02   6.620747e-02   8.319639e-03
  6.742133e-02   4.854176e-02   8.766658e-03
  6.749239e-02   6.261466e-02   8.750659e-03
  6.756345e-02   7.623360e-02   9.578430e-03
  6.763451e-02   4.953407e-02   9.350761e-03
  6.770558e-02   7.112677e-02   9.317926e-03
  6.777664e-02   4.682374e-02   8.694236e-03
  6.784770e-02   6.149641e-02   9.320503e-03
  6.791877e-02   4.016312e-02   8.650775e-03
  6.798983e-02   5.879330e-02   9.431384e-03
  6.806089e-02   4.645633e-02   9.080555e-03
  6.813195e-02   5.409861e-02   9.335779e-03
  6.820302e-02   6.423866e-02   9.744499e-03
  6.827408e-02   6.196770e-02   9.854045e-03
  6.834514e-02   4.260398e-02   1.021608e-02
  6.841620e-02   5.907932e-02   1.018029e-02
  6.848727e-02   6.065843e-02   1.075685e-02
  6.855833e-02   5.247449e-02   1.051267e-02
  6.862939e-02   5.259861e-02   1.111311e-02
  6.870045e-02   3.977908e-02   1.039192e-02
  6.877152e-02   3.297620e-02   1.153549e-02
  6.884258e-02   5.325555e-02   1.067078e-02
  6.891364e-02   4.601352e-02   1.078164e-02
  6.898470e-02   4.109558e-02   1.084810e-02
  6.905577e-02   5.030264e-02   1.126051e-02
  6.912683e-02   4.747739e-02   1.137461e-02
  6.919789e-02   6.465406e-02   1.337356e-02
  6.926895e-02   8.800472e-02   1.312701e-02
  6.934002e-02   5.715789e-02   1.339084e-02
  6.941108e-02   3.341535e-02   1.251205e-02
  6.948214e-02   5.006361e-02   1.268019e-02
  6.955321e-02   4.746300e-02   1.355323e-02
  6.962427e-02   4.586503e-02   1.259933e-02
  6.969533e-02   4.423761e-02   1.456158e-02
  6.976639e-02   3.971387e-02   1.592849e-02
  6.983746e-02   7.701447e-02   1.603069e-02
  6.990852e-02   4.563900e-02   1.446916e-02
  6.997958e-02   2.455617e-02   1.411037e-02
  7.005064e-02   4.362898e-02   1.438809e-02
  7.012171e-02   5.484231e-02   1.755769e-02
  7.019277e-02   4.922726e-02   1.767437e-02
  7.026383e-02   4.092579e-02   1.731689e-02
  7.033489e-02   6.223958e-02   2.099163e-02
  7.040596e-02   3.541467e-02   1.775868e-02
  7.047702e-02   4.191500e-03   1.979339e-02
  7.054808e-02   7.587967e-02   2.023386e-02
  7.061914e-02   7.889943e-02   2.184374e-02
  7.069021e-02   2.580993e-02   3.059416e-02
  7.076127e-02   5.732893e-02   3.075694e-02
  7.083233e-02   7.090573e-02   3.734363e-02
  7.090339e-02   4.740336e-02   4.164882e-02
  7.097446e-02   1.822239e-02   3.908455e-02
  7.104552e-02  -2.694290e-03   3.663591e-02
range-from: 1
range-to: 1000
parent: /mxn/home/cosaxs-user/data-visitors/20240016/2025012112/process/scan-86116_eiger.dat
parent: /mxn/home/cosaxs-user/data-visitors/20240016/2025012112/process/scan-86118_eiger.dat
creator: datop
creator-version: v0.4 (r14885M)
datop-operation: /mxn/home/cosaxs-user/data-visitors/20240016/2025012112/process/scan-86116_eiger.dat SUB /mxn/home/cosaxs-user/data-visitors/20240016/2025012112/process/scan-86118_eiger.dat
